1.10000000 1.10000000 1.10000000 1.10000000 1.10000000 1.10000000 1.10000000 1.10000000 1.10000000 1.10000000 1.10000000
1.10000000 1.09470515 1.09510955 1.09560951 1.09617551 1.09677711 1.09738841 1.09799042 1.09857094 1.09912327 1.10200000
1.10000000 1.09590682 1.09638760 1.09698291 1.09766115 1.09838885 1.09913746 1.09988610 1.10062128 1.10133533 1.10399999
1.10000000 1.09778618 1.09822981 1.09881160 1.09950088 1.10026326 1.10106844 1.10189350 1.10272286 1.10354677 1.10599996
1.10000000 1.09994586 1.10030017 1.10081675 1.10146792 1.10221995 1.10304163 1.10390814 1.10480149 1.10570930 1.10799991
1.10000000 1.10198852 1.10226268 1.10271957 1.10333552 1.10407855 1.10491731 1.10582553 1.10678297 1.10777466 1.10999983
1.10000000 1.10351678 1.10378132 1.10424124 1.10487691 1.10565867 1.10655578 1.10754121 1.10859314 1.10969458 1.11199971
1.10000000 1.10413328 1.10452010 1.10510298 1.10586535 1.10677995 1.10781733 1.10895072 1.11015780 1.11142083 1.11399954
1.10000000 1.10344066 1.10414301 1.10502597 1.10607406 1.10726202 1.10856229 1.10994961 1.11140283 1.11290517 1.11599932
1.10000000 1.10104156 1.10231405 1.10373142 1.10527633 1.10692454 1.10865098 1.11043345 1.11225408 1.11409940 1.11799903
1.10000000 1.10200000 1.10399999 1.10599996 1.10799991 1.10999983 1.11199971 1.11399954 1.11599932 1.11799903 1.11999867